1 1 9
2 2 9
3 3 3
4 4 3
5 5 8
6 6 8
7 7 3
8 8 3
9 9 7
10 10 7
11 11 7
12 12 8
13 13 8
14 14 1
15 15 1
16 16 3
17 17 3
18 18 8
19 19 8
20 20 8
21 21 9
22 22 9
23 23 4
24 24 4
25 25 9
26 26 9
27 27 9
28 28 3
29 29 3
30 30 2
31 31 2
32 32 3
33 33 3
34 34 6
35 35 6
36 36 3
37 37 3
38 38 3
39 39 9
40 40 9
41 41 3
42 42 3
43 43 1
44 44 8
45 45 8
46 46 8
47 47 3
48 48 3
49 49 5
50 50 5
51 51 4
52 52 4
53 53 5
54 54 5
55 55 1
56 56 1
57 57 2
58 58 2
59 59 5
60 60 5
61 61 3
62 62 5
63 63 5
64 64 3
65 65 3
66 66 3
67 67 4
68 68 4
69 69 4
70 70 3
71 71 9
72 72 5
73 73 5
74 74 9
75 75 9
76 76 3
77 77 2
78 78 2
79 79 2
80 80 9
81 81 9
82 82 1
83 83 1
84 84 2
85 85 3
86 86 3
87 87 1
88 88 1
89 89 8
90 90 8
91 91 3
92 92 3
93 93 9
94 94 3
95 95 4
96 96 4
97 97 3
98 98 5
99 99 5
100 100 5
101 101 3
102 102 9
103 103 9
104 104 8
105 105 8
106 106 8
107 107 3
108 108 3
109 109 9
110 110 1
111 111 1
112 112 8
113 113 8
114 114 3
115 115 3
116 116 3
117 117 3
118 118 5
119 119 4
120 120 4
121 121 3
122 122 1
123 123 1
124 124 1
125 125 5
126 126 5
127 127 3
128 128 9
129 129 3
130 130 3
131 131 9
132 132 2
133 133 7
134 134 8
135 135 1
136 136 7
137 137 7
138 138 2
139 139 2
140 140 7
141 141 7
142 142 7
143 143 9
144 144 7
145 145 7
146 146 4
147 147 6
148 148 6
149 149 9
150 150 7
151 151 9
152 152 9
153 153 9
154 154 9
155 155 9
156 156 4
157 157 4
158 158 4
159 159 4
160 160 4
161 161 2
162 162 4
163 163 2
164 164 4
165 165 4
166 166 7
167 167 9
168 168 4
169 169 4
170 170 5
171 171 5
172 172 7
173 173 5
174 174 5
175 175 2
176 176 2
177 177 5
178 178 2
179 179 2
180 180 5
181 181 2
182 182 2
183 183 5
184 184 5
185 185 5
186 186 2
187 187 5
188 188 5
189 189 5
190 190 4
191 191 2
192 192 2
193 193 2
194 194 5
195 195 5
196 196 5
197 197 8
198 198 2
199 199 6
200 200 6
201 201 5
202 202 7
203 203 6
204 204 6
205 205 7
206 206 2
207 207 6
208 208 6
209 209 2
210 210 2
211 211 8
212 212 8
213 213 6
214 214 6
215 215 6
216 216 8
217 217 8
218 218 8
219 219 8
220 220 2
221 221 2
222 222 8
223 223 6
224 224 8
225 225 1
226 226 8
227 227 6
228 228 8
229 229 8
230 230 8
231 231 5
232 232 1
233 233 2
234 234 6
235 235 7
236 236 1
237 237 1
238 238 1
239 239 1
240 240 1
241 241 1
242 242 6
243 243 8
244 244 6
245 245 1
246 246 1
247 247 1
248 248 6
249 249 8
250 250 6
251 251 8
252 252 1
253 253 6
254 254 6
255 255 6
256 256 6
257 257 6
258 258 7
259 259 8
260 260 5
261 261 1
262 262 8
263 263 6
264 264 1
265 265 7
266 266 1
267 267 1
268 268 7
269 269 7
270 270 4
271 271 9
272 272 7
273 273 7
274 274 5
275 275 4
276 276 7
277 277 1
278 278 7
279 279 9
280 280 7
281 281 7
282 282 6
283 283 4
284 284 1
285 285 7
286 286 1
287 287 7
288 288 7
289 289 2
290 290 7
291 291 7
292 292 7
293 293 7
294 294 6
295 295 8
296 296 6
297 297 6
298 298 8
299 299 7
300 300 7
301 301 7
302 302 2
303 303 7
304 304 5
305 305 7
306 306 8
307 307 7
308 308 6
309 309 2
310 310 6
311 311 6
312 312 1
313 313 7
314 314 4
315 315 7
316 316 7
317 317 5
318 318 9
319 319 4
320 320 5
321 321 9
322 322 7
323 323 9
324 324 2
325 325 1
326 326 6
327 327 4
