1 1 1
2 2 1
3 3 1
4 4 1
5 5 1
6 6 1
7 7 1
8 8 1
9 9 1
10 10 1
11 11 2
12 12 2
13 13 2
14 14 2
15 15 2
16 16 2
17 17 2
18 18 2
19 19 1
20 20 1
21 21 1
22 22 1
23 23 1
24 24 1
25 25 1
26 26 1
27 27 1
28 28 1
29 29 1
30 30 1
31 31 1
32 32 2
33 33 2
34 34 2
35 35 2
36 36 2
37 37 2
38 38 2
39 39 2
40 40 2
41 41 2
42 42 2
43 43 1
44 44 1
45 45 1
46 46 1
47 47 1
48 48 1
49 49 1
50 50 1
51 51 1
52 52 1
53 53 2
54 54 2
55 55 2
56 56 2
57 57 2
58 58 2
59 59 2
60 60 2
61 61 2
62 62 2
63 63 1
64 64 1
65 65 1
66 66 1
67 67 1
68 68 1
69 69 1
70 70 1
71 71 2
72 72 2
73 73 1
74 74 2
75 75 2
76 76 1
77 77 1
78 78 1
79 79 1
80 80 1
81 81 2
82 82 2
83 83 2
84 84 1
85 85 1
86 86 1
87 87 1
88 88 1
89 89 2
90 90 2
91 91 1
92 92 1
93 93 1
94 94 1
95 95 2
96 96 2
97 97 2
98 98 2
99 99 1
100 100 1
101 101 2
102 102 2
103 103 2
104 104 2
105 105 2
106 106 2
107 107 2
108 108 2
109 109 2
110 110 2
111 111 2
112 112 1
113 113 2
114 114 2
115 115 2
116 116 2
117 117 2
118 118 1
119 119 1
120 120 1
121 121 1
122 122 1
123 123 1
124 124 1
125 125 1
126 126 2
127 127 2
128 128 2
129 129 2
130 130 2
131 131 2
132 132 2
133 133 2
134 134 2
135 135 1
136 136 1
137 137 1
138 138 2
139 139 2
140 140 2
141 141 1
142 142 2
143 143 1
144 144 2
145 145 2
146 146 2
147 147 2
148 148 1
149 149 2
150 150 1
151 151 2
152 152 2
153 153 2
154 154 1
155 155 1
156 156 1
157 157 2
158 158 1
159 159 1
160 160 1
161 161 1
162 162 1
163 163 1
164 164 1
165 165 1
166 166 2
167 167 1
168 168 2
169 169 1
170 170 1
171 171 2
172 172 2
173 173 2
174 174 2
175 175 2
176 176 2
177 177 1
178 178 2
179 179 2
180 180 2
181 181 1
182 182 2
183 183 2
184 184 1
185 185 2
186 186 2
187 187 2
188 188 2
189 189 1
190 190 2
191 191 1
192 192 1
193 193 1
194 194 1
195 195 1
196 196 2
197 197 2
198 198 1
199 199 1
200 200 1
201 201 1
202 202 2
203 203 1
204 204 1
205 205 2
206 206 1
207 207 1
208 208 1
209 209 1
210 210 1
211 211 2
212 212 1
213 213 1
214 214 1
215 215 1
216 216 2
217 217 1
218 218 1
219 219 2
220 220 1
221 221 2
222 222 2
223 223 2
224 224 2
225 225 2
226 226 1
227 227 1
228 228 2
229 229 2
230 230 2
231 231 2
232 232 1
233 233 2
234 234 2
235 235 2
236 236 2
237 237 2
238 238 1
239 239 1
240 240 1
241 241 1
242 242 2
243 243 1
244 244 1
245 245 1
246 246 2
247 247 2
248 248 2
249 249 1
250 250 1
251 251 1
252 252 1
253 253 1
254 254 1
255 255 2
256 256 2
257 257 2
258 258 1
259 259 1
260 260 2
261 261 2
262 262 2
263 263 2
264 264 2
265 265 2
266 266 2
267 267 2
268 268 2
269 269 2
270 270 2
271 271 1
272 272 2
273 273 2
274 274 1
275 275 1
276 276 2
277 277 2
278 278 1
279 279 1
280 280 1
281 281 1
282 282 2
