1 1 1
2 2 1
3 3 1
4 4 1
5 5 1
6 6 1
7 7 1
8 8 1
9 9 1
10 10 1
11 11 1
12 12 1
13 13 1
14 14 1
15 15 1
16 16 1
17 17 1
18 18 1
19 19 1
20 20 1
21 21 1
22 22 1
23 23 1
24 24 1
25 25 1
26 26 1
27 27 1
28 28 2
29 29 2
30 30 2
31 31 2
32 32 2
33 33 2
34 34 2
35 35 2
36 36 2
37 37 2
38 38 2
39 39 2
40 40 2
41 41 2
42 42 2
43 43 2
44 44 2
45 45 2
46 46 1
47 47 1
48 48 2
49 49 2
50 50 1
51 51 1
52 52 2
53 53 2
54 54 1
55 55 1
56 56 1
57 57 1
58 58 1
59 59 1
60 60 1
61 61 1
62 62 1
63 63 1
64 64 1
65 65 1
66 66 1
67 67 1
68 68 1
69 69 1
70 70 1
71 71 1
72 72 1
73 73 1
74 74 1
75 75 1
76 76 1
77 77 1
78 78 1
79 79 1
80 80 1
81 81 1
82 82 1
83 83 1
84 84 1
85 85 1
86 86 1
87 87 1
88 88 1
89 89 1
90 90 1
91 91 2
92 92 2
93 93 2
94 94 2
95 95 2
96 96 2
97 97 2
98 98 2
99 99 2
100 100 2
101 101 2
102 102 2
103 103 2
104 104 2
105 105 2
106 106 2
107 107 2
108 108 2
109 109 2
110 110 2
111 111 2
112 112 2
113 113 2
114 114 1
115 115 1
116 116 1
117 117 1
118 118 1
119 119 1
120 120 1
121 121 1
122 122 1
123 123 1
124 124 1
125 125 1
126 126 1
127 127 1
128 128 1
129 129 1
130 130 1
131 131 1
132 132 1
133 133 1
134 134 1
135 135 1
136 136 1
137 137 1
138 138 1
139 139 1
140 140 1
141 141 1
142 142 1
143 143 1
144 144 1
145 145 1
146 146 1
147 147 2
148 148 2
149 149 2
150 150 2
151 151 2
152 152 2
153 153 2
154 154 2
155 155 2
156 156 2
157 157 2
158 158 2
159 159 2
160 160 2
161 161 2
162 162 2
163 163 2
164 164 2
165 165 2
166 166 2
167 167 2
168 168 1
169 169 1
170 170 1
171 171 1
172 172 1
173 173 1
174 174 1
175 175 1
176 176 1
177 177 1
178 178 1
179 179 1
180 180 1
181 181 1
182 182 1
183 183 1
184 184 1
185 185 1
186 186 1
187 187 1
188 188 1
189 189 1
190 190 1
191 191 1
192 192 1
193 193 1
194 194 1
195 195 1
196 196 2
197 197 2
198 198 2
199 199 2
200 200 2
201 201 2
202 202 2
203 203 2
204 204 2
205 205 2
206 206 2
207 207 2
208 208 2
209 209 2
210 210 2
211 211 2
212 212 2
213 213 2
214 214 2
215 215 1
216 216 1
217 217 1
218 218 1
219 219 1
220 220 1
221 221 1
222 222 1
223 223 1
224 224 1
225 225 1
226 226 1
227 227 1
228 228 1
229 229 1
230 230 1
231 231 1
232 232 1
233 233 2
234 234 2
235 235 2
236 236 2
237 237 2
238 238 2
239 239 2
240 240 2
241 241 2
242 242 2
243 243 2
244 244 1
245 245 1
246 246 1
247 247 1
248 248 1
249 249 1
250 250 1
251 251 1
252 252 2
253 253 2
254 254 2
255 255 1
256 256 1
257 257 1
258 258 1
259 259 1
260 260 1
261 261 1
262 262 1
263 263 1
264 264 1
265 265 1
266 266 1
267 267 1
268 268 1
269 269 1
270 270 1
271 271 1
272 272 1
273 273 1
274 274 1
275 275 1
276 276 2
277 277 2
278 278 2
279 279 2
280 280 2
281 281 2
282 282 2
283 283 2
284 284 1
285 285 1
286 286 1
287 287 1
288 288 1
289 289 1
290 290 1
291 291 1
292 292 1
293 293 1
294 294 1
295 295 1
296 296 1
297 297 1
298 298 1
299 299 1
300 300 1
301 301 1
302 302 1
303 303 1
304 304 1
305 305 1
306 306 1
307 307 1
308 308 2
309 309 2
310 310 2
311 311 2
312 312 2
313 313 2
314 314 2
315 315 2
316 316 2
317 317 2
318 318 2
319 319 2
320 320 2
321 321 2
322 322 2
323 323 1
324 324 1
325 325 1
326 326 1
327 327 1
328 328 1
329 329 1
330 330 1
331 331 1
332 332 1
333 333 1
334 334 2
335 335 2
336 336 2
337 337 2
338 338 2
339 339 2
340 340 2
341 341 2
342 342 2
343 343 2
344 344 2
345 345 1
346 346 1
347 347 1
348 348 1
349 349 2
350 350 2
351 351 2
352 352 2
353 353 2
354 354 2
355 355 2
356 356 1
357 357 1
358 358 1
359 359 1
360 360 2
361 361 2
362 362 2
363 363 1
364 364 1
365 365 1
366 366 1
367 367 1
368 368 2
369 369 2
370 370 2
371 371 2
372 372 2
373 373 1
374 374 1
375 375 1
376 376 1
377 377 2
378 378 2
379 379 1
380 380 1
381 381 1
382 382 1
383 383 2
384 384 2
385 385 2
386 386 1
387 387 2
388 388 2
389 389 1
390 390 1
391 391 1
392 392 1
393 393 1
394 394 1
395 395 1
396 396 1
397 397 1
398 398 1
399 399 1
400 400 1
401 401 1
402 402 1
403 403 1
404 404 2
405 405 2
406 406 2
407 407 2
408 408 2
409 409 2
410 410 2
411 411 1
412 412 2
413 413 1
414 414 1
415 415 1
416 416 2
417 417 2
418 418 2
419 419 2
420 420 2
421 421 2
422 422 2
423 423 1
424 424 1
425 425 1
426 426 1
427 427 1
428 428 1
429 429 1
430 430 1
431 431 1
432 432 1
433 433 1
434 434 1
435 435 1
436 436 1
437 437 2
438 438 2
439 439 2
440 440 2
441 441 2
442 442 2
443 443 2
444 444 2
445 445 2
446 446 1
447 447 2
448 448 2
449 449 2
450 450 2
451 451 2
452 452 2
453 453 2
454 454 2
455 455 2
456 456 2
457 457 1
458 458 2
459 459 2
460 460 2
461 461 2
462 462 2
463 463 2
464 464 2
465 465 2
466 466 2
467 467 2
468 468 2
469 469 2
470 470 2
471 471 2
472 472 2
473 473 2
474 474 2
475 475 1
476 476 1
477 477 2
478 478 2
479 479 2
480 480 2
481 481 2
482 482 2
483 483 2
484 484 2
485 485 2
486 486 2
487 487 2
488 488 2
489 489 2
490 490 2
491 491 1
492 492 2
493 493 1
494 494 2
495 495 2
496 496 2
497 497 2
498 498 2
499 499 1
500 500 1
501 501 2
502 502 2
503 503 2
504 504 2
505 505 2
506 506 1
507 507 1
508 508 2
509 509 2
510 510 2
511 511 2
512 512 2
513 513 2
514 514 2
515 515 1
516 516 2
517 517 2
518 518 2
519 519 2
520 520 2
521 521 1
522 522 2
523 523 2
524 524 2
525 525 2
526 526 2
527 527 2
528 528 1
529 529 1
530 530 1
531 531 1
532 532 2
533 533 2
534 534 2
535 535 2
536 536 2
537 537 1
538 538 1
539 539 2
540 540 1
541 541 1
542 542 2
543 543 2
544 544 2
545 545 2
546 546 2
547 547 2
548 548 2
549 549 2
550 550 2
551 551 2
552 552 2
553 553 2
554 554 2
555 555 1
556 556 1
557 557 1
558 558 1
559 559 1
560 560 1
561 561 1
562 562 1
563 563 2
564 564 2
565 565 2
566 566 2
567 567 2
568 568 1
569 569 1
570 570 1
571 571 1
572 572 1
573 573 1
574 574 1
575 575 1
576 576 2
577 577 2
578 578 1
579 579 1
580 580 2
581 581 1
582 582 1
583 583 2
584 584 2
585 585 2
586 586 2
587 587 2
588 588 1
589 589 1
590 590 1
591 591 2
592 592 1
593 593 1
594 594 1
595 595 1
596 596 1
597 597 2
598 598 2
599 599 1
600 600 2
601 601 2
602 602 1
603 603 1
604 604 1
605 605 1
606 606 1
607 607 1
608 608 2
609 609 2
610 610 2
611 611 1
612 612 2
613 613 2
614 614 1
615 615 1
616 616 1
617 617 1
618 618 1
619 619 2
620 620 2
621 621 2
622 622 1
623 623 1
624 624 1
625 625 1
626 626 1
627 627 2
628 628 2
629 629 2
630 630 2
631 631 2
632 632 2
633 633 2
634 634 1
635 635 1
636 636 1
637 637 1
638 638 1
639 639 1
640 640 1
641 641 2
642 642 2
643 643 1
644 644 2
645 645 2
646 646 2
647 647 2
648 648 2
649 649 2
650 650 1
651 651 1
652 652 1
653 653 1
654 654 1
655 655 2
656 656 1
657 657 1
658 658 1
659 659 2
660 660 2
661 661 1
662 662 2
663 663 1
664 664 2
665 665 1
666 666 1
667 667 1
668 668 1
669 669 1
670 670 1
671 671 1
672 672 1
673 673 2
674 674 2
675 675 2
676 676 2
677 677 2
678 678 2
679 679 2
680 680 2
681 681 2
682 682 1
683 683 1
684 684 1
685 685 2
686 686 2
687 687 2
688 688 2
689 689 2
690 690 2
691 691 1
692 692 1
693 693 2
694 694 2
695 695 2
696 696 2
697 697 2
698 698 2
699 699 2
700 700 2
701 701 2
702 702 2
703 703 1
704 704 1
705 705 2
706 706 2
707 707 1
708 708 1
709 709 2
710 710 2
711 711 1
712 712 1
713 713 2
714 714 2
715 715 2
716 716 1
717 717 1
718 718 2
719 719 1
720 720 2
721 721 1
722 722 2
723 723 2
724 724 2
725 725 2
726 726 2
727 727 2
728 728 2
729 729 2
730 730 2
731 731 2
732 732 1
733 733 1
734 734 1
735 735 1
736 736 1
737 737 1
738 738 2
739 739 1
740 740 2
741 741 1
742 742 1
743 743 2
744 744 2
745 745 2
746 746 2
747 747 2
748 748 2
749 749 2
750 750 2
751 751 2
752 752 1
753 753 1
754 754 1
755 755 1
756 756 1
757 757 2
758 758 2
759 759 2
760 760 2
761 761 2
762 762 2
763 763 2
764 764 2
765 765 1
766 766 1
767 767 2
768 768 1
769 769 1
770 770 2
771 771 2
772 772 1
773 773 2
774 774 2
775 775 2
776 776 1
777 777 1
778 778 1
779 779 2
780 780 1
781 781 2
782 782 2
783 783 2
784 784 1
785 785 2
786 786 2
787 787 2
788 788 2
789 789 2
790 790 2
791 791 1
792 792 1
793 793 1
794 794 1
795 795 1
796 796 2
797 797 2
798 798 2
799 799 2
800 800 1
801 801 2
802 802 2
803 803 2
804 804 1
805 805 1
806 806 1
807 807 1
808 808 1
809 809 2
810 810 2
811 811 2
812 812 1
813 813 2
814 814 2
815 815 2
816 816 2
817 817 2
818 818 1
819 819 2
820 820 2
821 821 1
822 822 2
823 823 2
824 824 2
825 825 1
826 826 1
827 827 1
828 828 1
829 829 1
830 830 1
831 831 1
832 832 1
833 833 1
834 834 1
835 835 1
836 836 2
837 837 2
838 838 2
839 839 1
840 840 2
841 841 1
842 842 1
843 843 1
844 844 1
845 845 1
846 846 1
847 847 1
848 848 1
849 849 2
850 850 1
851 851 2
852 852 2
853 853 1
854 854 1
855 855 1
856 856 1
857 857 1
858 858 1
859 859 1
860 860 2
861 861 2
862 862 1
863 863 1
864 864 1
865 865 1
866 866 2
867 867 1
868 868 2
869 869 1
870 870 1
871 871 1
872 872 1
873 873 1
874 874 1
875 875 2
876 876 2
877 877 1
878 878 1
879 879 2
880 880 1
881 881 1
882 882 2
883 883 2
884 884 1
885 885 1
886 886 1
887 887 1
888 888 1
889 889 2
890 890 1
891 891 1
892 892 2
893 893 1
894 894 1
895 895 1
896 896 1
897 897 1
898 898 1
899 899 1
900 900 1
901 901 1
902 902 1
903 903 1
904 904 2
905 905 2
906 906 2
907 907 2
908 908 1
909 909 1
910 910 2
911 911 1
912 912 1
913 913 1
914 914 2
915 915 2
916 916 2
917 917 2
918 918 2
919 919 1
920 920 1
921 921 1
922 922 1
923 923 1
924 924 1
925 925 1
926 926 1
927 927 1
928 928 2
929 929 2
930 930 2
931 931 2
932 932 2
933 933 1
934 934 2
935 935 2
936 936 1
937 937 1
938 938 1
939 939 1
940 940 1
941 941 1
942 942 2
943 943 2
944 944 1
945 945 2
946 946 1
947 947 1
948 948 2
949 949 1
950 950 2
951 951 2
952 952 1
953 953 1
954 954 1
955 955 1
956 956 2
957 957 1
958 958 1
959 959 2
960 960 2
961 961 2
962 962 2
963 963 2
964 964 2
965 965 2
966 966 2
967 967 2
968 968 2
969 969 2
970 970 2
971 971 2
972 972 2
973 973 2
974 974 2
975 975 2
976 976 1
977 977 2
978 978 2
979 979 2
980 980 2
981 981 2
982 982 2
983 983 2
984 984 2
985 985 2
986 986 2
987 987 2
988 988 2
989 989 2
990 990 1
991 991 1
992 992 1
993 993 1
994 994 2
995 995 2
996 996 2
997 997 2
998 998 2
999 999 2
1000 1000 2
1001 1001 2
1002 1002 2
1003 1003 2
1004 1004 2
1005 1005 1
1006 1006 2
1007 1007 2
1008 1008 2
1009 1009 2
1010 1010 2
1011 1011 2
1012 1012 2
1013 1013 2
1014 1014 1
1015 1015 1
1016 1016 2
1017 1017 2
1018 1018 2
1019 1019 2
1020 1020 2
1021 1021 2
1022 1022 2
1023 1023 2
1024 1024 2
1025 1025 2
1026 1026 2
1027 1027 2
1028 1028 2
1029 1029 2
1030 1030 2
1031 1031 2
1032 1032 2
1033 1033 2
1034 1034 2
1035 1035 1
1036 1036 1
1037 1037 1
1038 1038 1
1039 1039 2
1040 1040 2
1041 1041 2
1042 1042 2
1043 1043 2
1044 1044 2
1045 1045 2
1046 1046 2
1047 1047 2
1048 1048 2
1049 1049 2
1050 1050 2
1051 1051 2
1052 1052 2
1053 1053 2
1054 1054 2
1055 1055 2
1056 1056 2
1057 1057 2
1058 1058 2
1059 1059 1
1060 1060 1
1061 1061 1
1062 1062 2
1063 1063 2
1064 1064 1
1065 1065 1
1066 1066 2
1067 1067 2
1068 1068 1
1069 1069 1
1070 1070 1
1071 1071 1
1072 1072 2
1073 1073 1
1074 1074 2
1075 1075 1
1076 1076 2
1077 1077 1
1078 1078 1
1079 1079 1
1080 1080 1
1081 1081 2
1082 1082 2
1083 1083 2
1084 1084 2
1085 1085 2
1086 1086 2
1087 1087 1
1088 1088 2
1089 1089 1
1090 1090 1
1091 1091 1
1092 1092 1
1093 1093 1
1094 1094 2
1095 1095 2
1096 1096 1
1097 1097 1
1098 1098 1
1099 1099 1
1100 1100 1
1101 1101 2
1102 1102 1
1103 1103 2
1104 1104 2
1105 1105 1
1106 1106 1
1107 1107 2
1108 1108 1
1109 1109 2
1110 1110 1
1111 1111 2
1112 1112 1
1113 1113 1
1114 1114 2
1115 1115 2
1116 1116 1
1117 1117 2
1118 1118 1
1119 1119 2
1120 1120 2
1121 1121 2
1122 1122 1
1123 1123 2
1124 1124 1
1125 1125 2
1126 1126 1
1127 1127 2
1128 1128 2
1129 1129 1
1130 1130 2
1131 1131 2
1132 1132 1
1133 1133 1
1134 1134 2
1135 1135 1
1136 1136 1
1137 1137 2
1138 1138 1
1139 1139 1
1140 1140 2
1141 1141 2
1142 1142 1
1143 1143 2
1144 1144 1
1145 1145 1
1146 1146 2
1147 1147 2
1148 1148 1
1149 1149 1
1150 1150 2
1151 1151 1
1152 1152 2
1153 1153 2
1154 1154 2
1155 1155 2
1156 1156 2
1157 1157 2
1158 1158 2
1159 1159 2
1160 1160 1
1161 1161 1
1162 1162 1
1163 1163 1
1164 1164 1
1165 1165 2
1166 1166 2
1167 1167 2
1168 1168 2
1169 1169 2
1170 1170 2
1171 1171 2
1172 1172 2
1173 1173 2
1174 1174 1
1175 1175 1
1176 1176 1
1177 1177 1
1178 1178 2
1179 1179 2
1180 1180 2
1181 1181 2
1182 1182 2
1183 1183 2
1184 1184 2
1185 1185 1
1186 1186 1
1187 1187 1
1188 1188 1
1189 1189 1
1190 1190 2
1191 1191 2
1192 1192 2
1193 1193 1
1194 1194 1
1195 1195 2
1196 1196 2
1197 1197 2
1198 1198 2
1199 1199 2
1200 1200 2
1201 1201 2
1202 1202 1
1203 1203 2
1204 1204 2
1205 1205 2
1206 1206 2
1207 1207 2
1208 1208 2
1209 1209 2
1210 1210 1
1211 1211 1
1212 1212 1
1213 1213 2
1214 1214 2
1215 1215 2
1216 1216 2
1217 1217 2
1218 1218 2
1219 1219 2
1220 1220 2
1221 1221 1
1222 1222 2
1223 1223 1
1224 1224 1
1225 1225 1
1226 1226 2
1227 1227 2
1228 1228 1
1229 1229 2
1230 1230 1
1231 1231 1
1232 1232 2
1233 1233 2
1234 1234 2
1235 1235 2
1236 1236 2
1237 1237 2
1238 1238 1
1239 1239 1
1240 1240 1
1241 1241 1
1242 1242 1
1243 1243 1
1244 1244 2
1245 1245 2
1246 1246 2
1247 1247 2
1248 1248 2
1249 1249 1
1250 1250 1
1251 1251 1
1252 1252 1
1253 1253 1
1254 1254 1
1255 1255 1
1256 1256 2
1257 1257 2
1258 1258 2
1259 1259 2
1260 1260 1
1261 1261 2
1262 1262 2
1263 1263 2
1264 1264 2
1265 1265 2
1266 1266 1
1267 1267 1
1268 1268 1
1269 1269 2
1270 1270 2
1271 1271 2
1272 1272 2
1273 1273 1
1274 1274 1
1275 1275 1
1276 1276 1
1277 1277 2
1278 1278 2
1279 1279 2
1280 1280 2
1281 1281 1
1282 1282 1
1283 1283 1
1284 1284 1
1285 1285 2
1286 1286 2
1287 1287 1
1288 1288 2
1289 1289 1
1290 1290 2
