1 1 5
2 2 5
3 3 5
4 4 5
5 5 5
6 6 6
7 7 6
8 8 6
9 9 8
10 10 8
11 11 6
12 12 6
13 13 11
14 14 11
15 15 11
16 16 11
17 17 5
18 18 10
19 19 10
20 20 6
21 21 6
22 22 6
23 23 3
24 24 3
25 25 10
26 26 10
27 27 2
28 28 2
29 29 7
30 30 7
31 31 10
32 32 2
33 33 2
34 34 2
35 35 2
36 36 2
37 37 2
38 38 3
39 39 7
40 40 7
41 41 10
42 42 10
43 43 10
44 44 10
45 45 10
46 46 10
47 47 10
48 48 2
49 49 2
50 50 2
51 51 2
52 52 7
53 53 7
54 54 7
55 55 7
56 56 11
57 57 10
58 58 2
59 59 2
60 60 2
61 61 2
62 62 2
63 63 6
64 64 2
65 65 10
66 66 10
67 67 11
68 68 11
69 69 10
70 70 10
71 71 5
72 72 11
73 73 7
74 74 7
75 75 2
76 76 6
77 77 7
78 78 1
79 79 1
80 80 5
81 81 4
82 82 1
83 83 1
84 84 1
85 85 1
86 86 7
87 87 6
88 88 1
89 89 1
90 90 1
91 91 1
92 92 1
93 93 4
94 94 6
95 95 6
96 96 6
97 97 1
98 98 1
99 99 1
100 100 1
101 101 8
102 102 8
103 103 1
104 104 1
105 105 4
106 106 7
107 107 7
108 108 7
109 109 7
110 110 6
111 111 7
112 112 7
113 113 7
114 114 6
115 115 6
116 116 6
117 117 6
118 118 11
119 119 11
120 120 8
121 121 8
122 122 6
123 123 3
124 124 8
125 125 8
126 126 3
127 127 3
128 128 3
129 129 8
130 130 8
131 131 4
132 132 7
133 133 8
134 134 8
135 135 8
136 136 8
137 137 8
138 138 3
139 139 3
140 140 8
141 141 8
142 142 8
143 143 3
144 144 3
145 145 8
146 146 8
147 147 8
148 148 11
149 149 3
150 150 3
151 151 3
152 152 6
153 153 1
154 154 7
155 155 7
156 156 3
157 157 8
158 158 8
159 159 1
160 160 11
161 161 1
162 162 3
163 163 11
164 164 5
165 165 5
166 166 11
167 167 11
168 168 1
169 169 4
170 170 11
171 171 1
172 172 1
173 173 11
174 174 11
175 175 11
176 176 11
177 177 5
178 178 2
179 179 11
180 180 3
181 181 4
182 182 10
183 183 10
184 184 5
185 185 10
186 186 5
187 187 5
188 188 5
189 189 4
190 190 5
191 191 5
192 192 11
193 193 5
194 194 5
195 195 8
196 196 3
197 197 3
198 198 5
199 199 11
200 200 5
201 201 4
202 202 9
203 203 9
204 204 9
205 205 9
206 206 9
207 207 9
208 208 9
209 209 9
210 210 8
211 211 9
212 212 9
213 213 9
214 214 9
215 215 9
216 216 9
217 217 9
218 218 9
219 219 9
220 220 9
221 221 9
222 222 9
223 223 9
224 224 9
225 225 4
226 226 9
227 227 9
228 228 6
229 229 9
230 230 3
231 231 3
232 232 10
233 233 4
234 234 10
235 235 2
236 236 2
237 237 6
238 238 1
239 239 9
240 240 5
241 241 10
242 242 7
